  'z[m]' 'p[mb]' 'tp[K]''q[g/kg]''u[m/s]''v[m/s]'
  0.0,  28,   999.5,  'day,levels,pres0'
      66.407     978.273     255.457       8.841      -1.424       0.993
     212.526     962.393     255.533      11.656      -1.229       1.071
     384.456     943.822     255.667      11.443      -1.097       1.087
     581.775     922.839     255.951      11.025      -1.086       1.102
     804.205     899.622     256.586      10.184      -1.057       1.079
    1051.460     874.364     257.419       9.455      -0.776       0.859
    1323.296     847.272     258.714       8.514      -0.330       0.535
    1718.747     809.150     260.841       7.157       0.337       0.179
    2336.080     752.520     264.266       5.412       1.162      -0.018
    3168.128     681.538     268.208       4.024       1.675      -0.121
    4204.656     601.098     272.917       2.827       2.175      -0.102
    5419.269     517.225     278.266       1.888       3.039      -0.120
    6699.351     439.652     283.082       1.013       4.169      -0.108
    7942.089     373.713     287.050       0.546       5.238       0.184
    9144.797     317.665     290.509       0.321       6.813      -0.163
   10306.099     270.025     293.989       0.177       8.346      -0.680
   11424.341     229.530     297.770       0.081       9.324      -0.933
   12498.729     195.108     302.388       0.034       9.774      -0.850
   13530.786     165.847     308.188       0.014       9.693      -0.345
   14525.453     140.973     315.650       0.006       9.073       0.182
   15490.855     119.828     324.977       0.003       8.126       0.308
   16435.350     101.855     336.214       0.002       7.145      -0.198
   17368.578      86.584     350.169       0.002       5.268      -0.229
   18512.695      71.010     372.433       0.002       2.284       0.002
   20129.389      53.843     409.627       0.002      -1.464       0.184
   22259.926      37.746     463.083       0.002      -6.013      -0.170
   25000.631      24.282     539.815       0.002     -11.097      -0.199
   28477.336      14.170     649.911       0.002     -16.736      -0.208
1000.0,  28,   999.5,  'day,levels,pres0'
      66.407     978.273     255.457       8.841      -1.424       0.993
     212.526     962.393     255.533      11.656      -1.229       1.071
     384.456     943.822     255.667      11.443      -1.097       1.087
     581.775     922.839     255.951      11.025      -1.086       1.102
     804.205     899.622     256.586      10.184      -1.057       1.079
    1051.460     874.364     257.419       9.455      -0.776       0.859
    1323.296     847.272     258.714       8.514      -0.330       0.535
    1718.747     809.150     260.841       7.157       0.337       0.179
    2336.080     752.520     264.266       5.412       1.162      -0.018
    3168.128     681.538     268.208       4.024       1.675      -0.121
    4204.656     601.098     272.917       2.827       2.175      -0.102
    5419.269     517.225     278.266       1.888       3.039      -0.120
    6699.351     439.652     283.082       1.013       4.169      -0.108
    7942.089     373.713     287.050       0.546       5.238       0.184
    9144.797     317.665     290.509       0.321       6.813      -0.163
   10306.099     270.025     293.989       0.177       8.346      -0.680
   11424.341     229.530     297.770       0.081       9.324      -0.933
   12498.729     195.108     302.388       0.034       9.774      -0.850
   13530.786     165.847     308.188       0.014       9.693      -0.345
   14525.453     140.973     315.650       0.006       9.073       0.182
   15490.855     119.828     324.977       0.003       8.126       0.308
   16435.350     101.855     336.214       0.002       7.145      -0.198
   17368.578      86.584     350.169       0.002       5.268      -0.229
   18512.695      71.010     372.433       0.002       2.284       0.002
   20129.389      53.843     409.627       0.002      -1.464       0.184
   22259.926      37.746     463.083       0.002      -6.013      -0.170
   25000.631      24.282     539.815       0.002     -11.097      -0.199
   28477.336      14.170     649.911       0.002     -16.736      -0.208
